x = 1234
1.234000 - 1 = 0.234000
y = 5678
